8666467466748463644436358474464684357755754832476479449554745556415435374495644765744447544234798447
2335242224342412391423234223574342632221234413244136124423434433531252523312322433224322224222243422
1333332334833332432232224334393373323336233244233224333373332433113231332432333333423134322352433433
2864255285895666543645675679755332345548436353486555637566933655556475753643554827555566634623582963
1325434234247335242433233443324242583332423283233553422623125353323434324127143333232234592113334523
3344434443353344434324433443734445431621334424334434355434454343443344444272333333442227344324433423
4264343123222522342234664452543242526423734243432442342224543333417341435331754212434222253324433424
2443333913553415374564222333343344529355333235341733443554359325649345533392542335532643363222333633
9554435344554435355535575625555444583144579553654284164445545443425347535455334555536545544764594644
1452152222252232262232224624266213215566522224243224542312222224212515441126225255115222212122452431
9423252363325352325233553352433237212261225221422434342355412244563237416833122363352332446595345334
5235445336373847444374145833323624225434345633343367333371357458286353735363465372473446377737343336
4533578474377732745422333422228282324486324345332825421235762332232225653152333144164146645263333222
5231223222437222222224232222334623232542422225522333223428313133323323322312312333322243832337313456
2222121232234422222222221122212122223223331232122434232212222323222223223232222122123122222223222122
6556663344673155585553464835733236457533354332332646623541435933464343643524555656468663336434424625
1632123343426412353224321242323342115442433335113221213322334344324421136331431464342232452432345322
6352144441223223313943442123242418352413632422422414424331422344222412453422344345144344292432421242
4223321453343213223343443434424323443335244222343334322321232343233544422424242243243323254242541344
5132224483334432244243331452243147532434242241337342242434443332442342353264334334233142334423335432
2213232222224344331312322241231413242332413213323332322222262311332724322232222252213322233144212232
3235652238473532224223843325452333232223252434771342346172435222221655323325432453137242246851754552
1311733421122322223142214323424212362428223241436224242192612624222127342452622323121144212324422212
3222325222232233333233322233232322222312223321222213342232422221122122322222322112223311222312231123
3433223245312222511232422212222122515662122222251122241224122413622222321211244212223123321225284222
3235225552435323522545592733332232265224834323633351972323234542523222213324365232325451412326485123
3632272519752622426326346224515422636424144463414452325221422126725354233332232252343265745212544475
5722525333433325362523233344633272243264333423244363233523243445334333435233341534226733472244244725
2343433233232936433433625214524214553523312482474132364244422394583575243253524441422354253432826332
7443523355233532643525283124423552242215243222432485432354554353323173333444543353234233734531352223
3263233346223354332723235356352367773442536344234734515757624514235712933547346454722334664665336433
2232223223312333332332235123332433232332233333234123321432213333313452262311123333133212223243233312
4365343125542245122425224645555245453325651445331344541254525544424555656424253531313242335455252247
4157273534225542673424372547253264565555765121452223245156517535283249383356212247524446517225562255
9647633635956355585655876825963534845826478752938968536387847563776447568459915375793846633247897416
9248493464344253836256644632572427737747264243582387387677336342938433333423274544356444436723455354
3127122222252222421221122231741116232123212424122212252623272223512212113262512222222652223612227132
2223342232222222242243424227123332233532335113242212132123333232333332322332231232524333423552132322
3443424133332362333331222533323943633222153224242583241332432422344342532121315333412423443222234336
1254132655132623272212131222452222222122232224222233222322314222133325232333452232133227322255611222
5774595677748475293755277526336555556557476457548374536765346372558437665547686432757667442736754445
2265355352334894526525273444237424955167575433643283567378526174547533272472935326324234143243333536
2211224224221242243652424223222642134223225226234426242253422247222413242243226322236334223376232262
3334443243343454744443562335443435224242445433452534432333447474433433546434646443451358444448436745
3123252633712793222525234324553743513621225164331523363363923692371249326222327326523231274341233532
1244625451343222524354362441381322223512462262523152256811412242226224431254342334324322123631122352
6567587977668767637966774887545888785776978585671874569778369575785487787738578576856768867578555788
3233342442232523312434221322323233222251332222423332332232233221223332312222352233274222314322425122
3346366258325731823264644353543477544931344542333244632525452622513648932443266864344415493294334244
2445333423335225235363332933333332453336386263533363371243323256342234327253363333322325333633334334
4426324241422223223143444243231212484624122531232124213222242412312445636124333634361242212344442242
4225112323851227621414223445522221555234651585221342262236443542413352226522333552232524236225262263
5355452425418435234431433743444652342525153634141453536357644432315545455527337544455324445553343223
2445285137235228552323356355334324123835226225532351242326232124213333524322644236433566744382232344
4526465555359545256434441637363361226735436841556816652551626465213477313556446554522362644545326536
3236337833337236233647235386242535346381214669935366786213385388828484535654373237543437466363293233
2232193222122221222222222222231222222221222141222223121111532422231322222112251121293152422121122421
6666324666566221989926827794466536449258924644584232322517467689668653292632999349636558527566716673
2352472262712721465323337323536577772334563374566235133462712654443266221275332782364762157549272229
3554271543954642443454524143752343444452373446633543572484384389464467434744546443334447276634524432
2222222132322123223421234222231311123251242322122223225221122142381323424123232222352833262322422112
9874838278566475877357747785494776876474556567766777665737695479877564674899565566845785746356645874
6311421533255535455455331216162446644456214133121441414431233535544444522654526136243523222621136789
6684389457655655562444665494575492353548645645967256366895465542454554562645657375352458755566545435
3312342433334323434333453432323336134211532143332443434424434344432424334433233323324323343531344344
3222223312224224222225143424212132223623214232212281222222524225532524251611272223253152126222274332
2214313134431113321233143411411223343322331334443144143113212341121444442343221333443411143444456789
2331232324232225113126211126223225226222122192222642731222271229222231222222232232821216872265515242
6979746664755686775576666556636656755366746745756537556656546577755676666655556545656766577367575855
2334535736324323312235614635443342332232572642221242674256132525354336246349433257335332242113233335
8223322123222352212122212222223322212123323222222222122222222322224221222223312222332521232222212222
5535463175463337426445656553546445467256653334283556365565354566436425856556935662622658447646374527
3343424343533343434333333443344343363343434322234354433536346233433151632344333373432133634721343722
2232341422223244232322332322223332364433335242332223132434232432222133251292332233211113331452232221
1322325339321232525212121113322523172122522123111251321622312112221222382322412132225722221322122212
1222221222211211111222221222247242222223242122222222672122222242216214122722212221227222227211227121
2324135312474232233633123332333333232323252333232241222213363434544333213413222332232334352232243215
2332312322222222422212221243232322332222312222322222223322294133442221242223324242222264242221533221
2221217121122222224213112224112231231222122222231422221222223122232223232222241222211122221212232222
3323332222221232222132252322233232213321532223232222223532232232213122412332223333513231222742322312
1222132221222232222216121622321243212243326222232126222222122121222243322162222222143222215222221222
3352368624541232423444424333224333432413366513252632432333554375445423352132455332422333636578322336
1522126138513222121222212622122242222224224622221222222222265223322222222276522224222262621212122222
2323164434333322332222322311222342334232313223222222232222222232122232234334373212243223324222132232
6223627532671126541314132223673262582823322663249223542374233223326353621332476612732223225212362222
6233565348456757525544666513635423427636431481444462596222415465692632522624771546592967237462422643
5358544753645315145127213414455557355315431855545224532334555234452355741521457337345235454334554484
6214731441414457737246656111247636756446161465714456632326232635617333611633477421711424736156621389
4324235454233423333234253232225323333234512333412453333133443213242433534322433414431532432212335434
3455652534242435534423445354223526323255355454454452554435547253252535955132343454545575325533552544
8335273455246444558444454543537343443765342444242743757531555515425862215233333273655519722647444346
6647437556777587642646547477333785443756566257777655434673263774365673767767776638592766664657742665
8855469436622434173372326256626473635437313644372325546737814223466542246462165389363436267749446467
1333312232233124232232322321522423354333443635433226333333124241334333321334232332233642533352232833
2422224222122235132331532242321222115222412232432422412623442253534242222332222153121155143531431213
3323333233533224122322232231333333533343242133123323243232322633332233332333339333421232233223233334
3354782125544552256122456235674154435265254362252424552238376514355524246542553535354535541424523443
4455622245344455454434454456543535253235253255346154435351343335355522332483423254587556353346254414
3252453355352742132443332323384222235274393533443242233582234143222753322387346344452422133523534352
8434364674352688464663753588344446374843845539431175585434735346538824755443366546567855658224742334
3132232226325273323222332227462224231241224233162424341223143152535132124362233622224164622226444262
4344444444334344453438513343354444464244234444333144444253433444342544434434244433345544234243444443
2122222322222222233223222214322222322312225132122223211222222222231222212122222222131223132223222222
2211232322322212333222213212173319122225113221222631212223634233322142172323222313233222333312222322
4432221123111124233133522332322243222323432222433332342432433231513434325212442242124222233222114233
4314273434454616426654546234254245424464644763823444734946745224426446433475926253538444643547334363
2112241222231212262122222252222232142222224212222142222424123323221234222222222222212211212242212222
6528783672673671332755823344248665635422251762562239268214675525527342787577452452444959252424756737
3322531377244241353832633393611212353331438633432334334424233734332333443653335335252622225243243484
3232222314111233123324233332233122622332222323222222332122222323322132333273222313222233122262113222
5263273123236242216332233254381635233285312372361813237224624423733285252224353534432162822353233226
2333243232343234423323335434323421332434243412434441323242223212333221533234223433231242323222322322
3553634454465512357412122144223215253425545322455422243255474163213336132735553536244433242262659174
6836433342273342355662364942733525432423359259557432824191833627236362326464733232325688376182396236
3331235222331524213222332323224252427221424344232324235322222343222422422232321124222342621343242222
2275234685117353284774443515652658445725843874233444374567525257227835544633523758434325573433325248
2225256549525281215133323224347523322525522222211321397226743121222433522252215352625245526423522213
4421343215243224222433224223423331334424224362252432223323423441222223333126333243232323332242322343
2222322233323222725231323122341221221222256212443222632223242113121222221723113422222733222222222242
3353442249213433937594451122276138363348481454252175858522544654222424554497564545575853137582945252
4242467232442423323424326318424324212422614232242722324317622243441623445262422447245433442344232344
3433262425334247344244564284492645476444432221243252264442426344233372243333342442168444253222494325
4221223322222232232211222222222311223232612122232262223122222222333421122342222333244122123231123232
7675445633546354533456949995555768557984845569755745738975485742895383754899343693648685334765544385
3423333143352353443333232335243332531333221323343333233352212333442223242313212343231242331323333232
5434346434444332543444334444454444435342344433443451244445444344344543344342444344453453344434435244
2222242222212212122422212226212223122214223222212222212112222224221222222231212232224232212221222222
2222212623322321522223225312212552252223272342222122165234422421231221134223422123222322312223433332
7488852335299353435554434756455446259434775443773576347447543544339436445696653332493637556543595475
4422722424342644544362136625212244414943323343533324142335314524445344233322624215363324243137432324
2224333424323223311322222331311223442212224233622413223222221322243242212141242422223322232122342322
3354222424444542524443123222764122333475214223343222263113825244422332244424462332642234233834323421
5822453352223251235355324534333433533339222332317315432326331335346322264853343324634456834353312332
2211413423332152343532221314273323212134422222232551212232335242523222543343322622328322142213722243
2342224223322123242232125342323322222323421133522323334212363321332315372523235335333234124222432245
3355232722356353656425131844542565322315431433264464562216432424354323325466222244213212434265324213
2111432543143544542253551321225453414541511444454214132141343542343141344542123135535144553243316789
3333322332923332323353287333263732252344392322768326333233353633656232535543225432834572363222423363
5466234632225324442325324722432224444463345425427533129855221363224435243224322322122342422253223222
2321374265134225352393232322256321222452424223463563253325235252355234323123332165611435632422644341
4441619352235233164434722332422233222312343953622236234512342364321533433536634242234435522223343335
2222222182222133523112222225242342222212221924221636212222212122527222422413212222412416246442144221
3364915783653948568886736783573357332784582883545563538457563433337952879648563946463396363535363544
4646663767666554535555564455666575656467566544656665865755546565666635543265365673654644655645669655
2245411111142235251562721313122232214582531352353312224423424382325315322342211484944222223362222423
1222235122222322233254122333242224221222222213242422224222223323132421244232233223322333222321421242
2513633342451765617372846449282337335384413324534352634425832415132963123532332482233313444343533322
2732292692227332122622222442421521641132123743422224222222224234412431414322123144142424232412222212
2123522222422122524212222142442222122232222332222511255222227422222223432522212224232224124222332112
2132822822143132321251278232233312223222523233327333441442245522232237123331422331452123322414354252
2122221212232212322222122212222522222122222222222221223221121311222121321222242222322222222222227252
9979547497885686774384767967577764472868669697775686656792439992288587978398789686934875967677769775
2323333211333342122214112362242222222332343513236223335343225135232133226332333333132332335223243247
3222222223313232243223322223211234224221452223325912322222253223322239132323232224323721232332241213
5323252335235153444344243132523335534525253444425834323893355425587245425365335333416153345552132424
2132222222322321322226421222221292522322233236222224223222253222222142331531222242222211232513212221
6434374544564444734434554433344435444454346234441315548355453465444384494483135346542555444243346245
7323221343412343323242213433232331323362134332222221223422334423223325312364222623543243213111222243
2323343449327345432321473327544424445231174522271344338433433224242543444334333444422443531532234323
1346335545333465332436352862233333236833322654243166322438332334332343143333462365333634235123628343
7586762565347228427136723363873622526244721237674327752635155437515426153266112253232647132125433774
4332333434345443643465431744413732474646354451344343443543433424643744334532355444334133443424432324
3231243232243213252322421332231433323525312412122232434642222332223322211323246434222323381322325263
3263222222222226131256332342332222341222225231824322324522223225322172222322212262222622134123712652
4236355246422463232772524264913264511343433425663333362443533533436824443475852432424723514962365337
3245342223132122222324173241422322645523324211222212122323251422323342222221221342152223221273212222
3378545563656645474672553477635616968246555866678623386398565458547456744967567377466382665464726355
3233354225555151444475262454841272554834362325523524723424555554444475341532274242534555525541542323
6433222323122123322225242215223122432314225222222122334472224231242322452436252222131222322324523222
6833373544432536947353383683333367335338774445618757872577726456355743578573746435444349447625236575
2224264652364145327452334628642452544344143343833342743132174313344451522628444662467628723443464425
4231124424293243341722143225164433745532214262533315334661214274434293317422247723624334547242242763
6666624946696382433165532367722278226664736327475966796659826235258273498226963718439543634255915655
8564375893543423446656433373233644342653436689834624334639293454544653314248336256343334334264435263
1676727437573327893758933376668626957366856631761263315458654532289829618448787866722225726933265647
4321343727123713249412444413252433621323283323635222255253423324221428422353443242632424726231534232
2212112212222212221322242323134252312212223222358124222253263122323122325221322422323222212212116323
2715563853986883183768723397426382351422726548824726587898844367488752315733652683554627423659744366
4773663252332585333734363354322433264433343233323432212353553323432374454322243275335415655324332123
3132382432334442324328344323253355432425321214345333241335255443632232425334223233235234243433343313
2233232223323442332212222132412222411521324233322414232331112232222234237222322233321112221122122222
6451935648347446539455446345363634716544454351546147376644664364645448975644545667666653575476444443
2322232112232222222323223215122242222112223233322213332142232312223523252224632221222322212222239222
6545366523423155664664322663715167243453435555257565232553562226512523762545424453175221254627453635
2342256222227554525551377212422545411643267512133767372224463533667225233537826224224253237322234363
4444443345353553533433491444444357555782461542253545455454324443336436475244432235225472154554354464
2223222232422231222313313321122241222222513112222222221122211321222322323322322222222321225321223123
6576247674569755355279129435225366296673383433676827567475397344558723937542554484354856239485342468
7346525213764457456435537445355422674124544344736834755571932373342464435552446226324473633465222463
4118228537225722272614144477412877338287424474423165261317414724264976274227434297456247433362714954
3352322253623323514343473327132434333225543524133453233125422515251342652534231222243343233355364134
3423477634775722266368442244131167716781732447387174438855753116511635364412773167228235567581415319
2454443445444444444644544533454434554454434432643444443745544457548342944445632364946746355475445496
3244424245521421322425443343514444444144433454211444224433234313234242264324211244524533352442213233
4345445443233453433365233334543363633432535244343456336163333542356645432382562325354146443342733534
4337943146644335544384431483433444347473248943453334424531844349456928439444745985345343444444354784
2363232344553543238732435643372456337562247697343382367522434365352261476419565847343673523525316242
3753354664946486433336842253268492533432992479634647336617724333625345333613383766544636274434438657
7553154621162252232354352224245561873423127442553452398445224242243443525234625124162152237227454463
2426242223523268132422267263224221864216136552229423223512225141622926232231254513246523335546569266