62481,24370,53899
66340,66361,12487
82829,41567,50460
88731,67035,17931
59963,32380,72202
11358,27461,47584
78416,48279,4367
15462,94871,83068
98060,13169,1863
93577,72041,53914
76379,23626,79660
81956,8460,69098
28582,84473,42115
72971,68167,22168
20656,90572,68545
98099,95318,60866
13911,71960,77341
12311,67335,28531
6461,96900,16383
44940,47885,76474
72381,93419,60162
38365,48424,13181
38389,39144,66773
86766,91440,25862
63175,39621,64401
63128,38989,24676
44377,64945,20408
61457,60895,44891
83451,27725,3152
23558,92768,84103
62555,73552,38406
82768,77938,9681
77017,31285,15201
3613,39964,64576
76297,91351,40548
11017,72680,59851
34150,13408,54455
22091,79222,99498
92623,82807,42405
58520,22272,38782
49045,15364,69144
66307,20227,49524
70709,6187,61184
55250,30943,34702
83510,7646,1256
92500,97589,88344
89184,56782,2611
37145,63044,73781
12701,62298,41130
95801,80302,43509
45269,81540,35702
55867,22710,50573
36510,89494,30067
27441,77314,24621
56029,51336,20069
82702,84129,61802
75301,25267,56295
35860,55763,29092
56112,48471,83647
71377,46704,46244
13494,5671,51289
67642,21821,68758
79549,54890,55669
2606,74922,90329
52554,2216,77139
49345,78782,60048
71469,3453,49286
97116,87075,80036
15609,78239,37995
2857,47660,58969
93008,2320,5601
10779,57086,13138
49461,2124,34224
24876,72760,60405
77055,37710,61869
14730,65207,10161
72658,84284,65384
90363,10115,71282
29832,59416,83252
81449,75106,10402
57418,96325,33857
54725,17760,78951
93256,17472,2504
3322,74166,23627
32081,55213,85496
19321,2056,81231
23483,38023,84160
39191,11693,45961
83140,77996,75262
58405,78104,2168
63487,47133,68921
34899,25063,86893
92050,15350,66805
56409,39933,58714
1864,98120,45471
80911,99735,94959
92708,79549,65668
75707,8993,56732
99401,60739,37763
31494,56174,93879
97778,85785,70179
24702,99685,10427
11369,48725,18145
10000,60035,34719
43589,8775,74614
61647,56316,95371
41756,9930,54146
541,74141,48769
8097,20212,21510
93577,36155,51584
89789,74369,48704
81641,98420,20706
88888,59900,18455
83836,33148,56774
15770,48634,30366
88598,11876,42242
99259,14526,76904
92741,12276,40265
88251,88296,17848
11566,47145,7834
71435,35592,12621
50253,97430,21660
26681,56280,9473
1428,24,60322
4644,41500,58899
8070,78856,43800
20173,47151,5607
88080,33579,25090
80428,80036,72689
82182,68448,52795
55025,92193,45293
30710,57926,4977
92644,5634,71511
70959,82194,26985
89964,55043,46952
49215,4261,68603
20461,71796,85600
93295,4443,6865
71752,34093,68135
4372,15946,4919
60536,91542,78250
16288,35074,56720
25748,37278,7880
43146,24237,44791
41635,58058,9596
41414,20574,40562
839,23234,44946
38489,83895,53761
69451,91823,50322
56799,66858,6830
8840,75892,49988
80804,10418,71078
310,29126,95523
84436,54938,2132
11467,17732,4156
14181,79981,30720
64855,47326,62302
3895,70448,20329
58087,70303,61428
14653,43286,26953
62681,33739,53127
96211,90925,2789
23074,44009,78704
32662,31277,36531
18015,14083,29433
56296,87814,44350
89334,16942,13844
37104,33861,42735
27947,21778,13729
81863,16514,71
54750,34035,25947
15818,50187,14036
86932,86909,44487
78916,21580,95198
29385,91717,58517
85890,2165,17475
34230,71349,65488
75100,45351,97130
45460,43169,10171
18158,81704,19105
30111,59730,82758
4565,27847,37683
19791,68429,461
71924,49748,70713
18764,12037,58930
2524,40595,68330
13483,59923,82399
98948,3455,63115
13222,87227,1292
10689,34976,73891
98617,14962,86519
7779,81958,55664
33972,95249,98942
61726,70457,62214
12208,44836,62937
70597,44622,63150
27375,31188,62826
52410,44473,32001
98053,77174,12802
11904,55643,93445
73164,86131,54754
81204,84266,8050
75089,70894,24807
91025,70799,10415
88178,28196,66228
71455,3436,25491
42302,87800,97888
95021,94907,29531
33478,59431,31624
10632,29610,61595
25072,82592,90760
3784,59625,1022
7144,2901,63299
48352,93184,17289
73673,24532,81217
889,31278,64452
39501,73989,57025
30018,34716,69574
53193,44694,92996
50111,66815,66405
21214,73044,86904
22395,55743,71920
75087,87617,90946
73688,85294,71035
68688,77165,40111
65577,55731,10604
47344,15165,2985
81884,53717,93036
32321,48816,7214
70363,78798,11627
94451,72902,82308
58816,14066,80108
59222,51580,66043
58820,35913,82886
75310,49473,19013
93586,16044,32942
46868,19795,71674
10895,80510,9730
10419,81157,76097
12634,3704,95574
42425,61938,86475
53456,43000,55961
96239,25618,1080
64965,18715,77716
14874,47845,69913
86619,78274,56146
10027,28857,27404
31,86852,88182
25084,89487,64095
42131,42116,85157
91564,70712,66726
63926,3975,99273
50288,43817,97353
70849,90055,16020
76503,9290,27095
96186,13635,15020
52274,55842,22549
51845,24580,3119
70196,70848,7156
1552,99033,50558
67573,99731,70665
49554,3352,72836
10281,95909,82756
80947,99390,18937
8288,36412,43419
43082,47834,52847
13428,56229,50716
57716,5423,68705
95137,76369,74486
42797,55147,2171
27815,82310,41944
20524,14459,78578
62196,46604,39150
53247,48460,11226
82537,73165,90310
6893,5095,31870
23594,8757,91952
52515,96377,61373
1255,14998,8565
71995,70021,5588
35411,51258,14863
29958,68839,70772
16436,83545,2796
69078,68018,88994
16025,89059,91646
55674,66501,4058
17373,96351,63076
21157,89695,20806
61233,99401,12990
74053,88542,656
98005,70774,21666
90593,92574,9223
48564,17681,10405
3331,77677,36131
46340,15706,28942
73750,39042,85926
20979,22488,12475
45855,73847,95562
65905,78921,79532
23679,53536,84498
62591,79139,85257
37007,3866,22416
20027,6440,31379
63948,14595,21037
77661,54663,28999
93640,68943,13961
22291,72747,65061
94698,99368,48371
94059,87827,29568
25472,26287,69923
22193,70250,1900
86535,38401,34260
17038,91468,95940
49596,42364,29122
4493,64801,13137
7333,75555,6412
43308,18571,52027
21983,16739,73717
57083,82018,3551
41957,68008,80819
35260,77503,28478
90486,58663,26555
49043,44141,25033
71606,38502,80120
71249,93192,13142
90046,15524,27638
52993,22156,38931
22095,97030,84326
10499,42051,77219
26336,57880,60984
95491,10908,96214
54297,10684,81187
27507,60392,63410
16804,73541,48528
66411,30591,32766
16930,93506,77172
70849,13977,30643
27617,94579,41699
3114,60753,87562
33388,60813,51631
35974,48083,11929
16312,64484,53743
19771,35323,71804
70796,69304,6672
76306,69009,22472
24567,93297,86429
94425,88486,94146
10741,27662,85922
85181,4597,25671
73124,71547,99125
41590,84116,82749
38383,36419,6864
66046,54411,13358
74963,49019,42941
63803,77050,20237
6639,92250,97983
27970,31898,14135
84964,91205,70238
86230,7350,8883
42664,54167,25829
35265,69258,7769
49819,18934,23764
70888,81748,26133
8870,18249,83960
46409,60017,84198
64306,8970,89299
85449,36237,85350
34670,26610,40136
70201,49413,49912
6421,83883,51515
62020,34992,33538
8952,55508,67320
73146,4605,1641
39675,76363,50763
37102,51958,51479
88289,89319,34619
97439,47359,73923
85081,99417,86185
70805,9046,56833
89767,11131,95326
5026,64029,31871
75274,52030,20837
23991,39324,86249
18483,88783,69125
90397,10077,49237
79725,7219,1590
41253,83312,67469
32551,36336,85363
98789,48920,52783
2290,62976,30487
77807,63679,10158
88328,6246,94235
22093,42991,62154
93053,37962,95833
93552,68683,98090
86622,55586,95828
2088,95279,37448
26766,94375,57565
59454,81581,63222
69263,10726,15134
58857,4771,9128
94589,6259,60210
13610,44290,51631
92637,77050,19474
45736,92555,93526
47439,28178,31713
17783,34622,44776
39659,43214,36901
54587,6347,46090
54276,77371,92356
92849,61708,98737
69361,70451,67078
5335,60031,19810
82227,21976,5533
13863,61349,85906
49572,35726,55475
29469,88047,41394
25568,73735,22822
74614,68249,24281
65086,79676,26246
31824,28877,98198
64280,50117,17281
57361,94807,20068
782,21071,17549
115,87102,29345
77612,94426,20552
37801,53290,43890
51457,32980,81739
27594,19035,23925
95487,92587,21387
23782,30341,47608
76453,23770,38861
51149,69248,40214
65415,41019,20935
63084,26130,91594
45922,79342,65969
58122,18028,8909
23156,72550,93541
30224,82378,36193
24495,99352,8496
24577,90652,77000
13941,88363,23391
75426,69700,30575
42955,58407,41887
39185,75481,66343
45625,533,14874
72460,3682,53301
93246,89560,79143
25553,82507,57747
96084,34582,68057
27320,47873,97361
76820,66080,24236
69647,58517,32553
21852,96376,77515
65147,71947,51957
78559,98771,56614
83957,12590,74394
54399,50414,7563
902,67669,82582
16388,42523,28620
79947,81564,77041
48133,91494,99788
20792,79396,90570
14619,74702,85123
64715,90222,72735
68678,16159,42366
29348,2458,73378
6294,87967,35093
14493,76112,77923
7340,84965,42077
35427,56803,86090
5025,35512,46912
18291,49511,99676
45776,80918,86470
79426,86913,74997
23822,92861,24410
89293,20119,91729
9142,5806,16543
24413,46504,66104
10098,8573,87034
42958,23453,40821
63734,55955,81335
12720,39389,19011
20621,18557,6057
70892,31125,84235
81101,96579,50762
4663,39893,22119
65051,93561,86772
53599,94234,51599
91482,22384,87595
81053,58114,4369
94256,85587,74429
56744,92034,17566
39349,87875,44314
80992,40280,65931
21726,81749,56089
21802,87210,87230
78873,98800,55413
21500,62709,3143
19875,69226,31213
68142,2871,89336
70781,34504,45747
77614,41821,87610
84054,54488,96887
68906,67507,60697
69774,76607,4839
98059,11971,95347
66838,66578,98047
94639,35486,91935
96339,32357,75113
60956,29336,7051
44213,46870,4573
57440,99112,3736
33175,89927,37506
90780,22756,76594
29257,85902,13965
53604,11289,4295
56853,29935,24364
27054,2413,1383
22623,97419,25490
37025,36550,73511
33957,42912,50293
58495,42998,8634
12651,17125,66876
50130,24464,44626
69340,90402,84438
75674,10081,77770
70521,11381,72314
58330,38872,37212
76009,70109,30293
98794,94482,55960
41796,72717,47551
40998,95021,564
42318,48844,73719
64143,49620,45149
8780,43828,18292
73085,24704,78191
45754,55252,78478
98018,97994,71697
86888,40137,38049
21693,57153,13023
13834,44992,77814
26503,34744,19476
50934,59258,44461
89398,25445,635
63984,80407,36901
5241,24791,62845
46692,60964,54502
67702,68984,21850
85341,94268,55228
58216,74438,74846
92122,46729,1584
49786,41511,64848
18007,20902,81090
77116,84081,78778
78199,47683,56401
70405,69713,84906
68453,89316,17514
3015,24105,27574
38654,63833,70488
44346,63603,62374
94690,41742,85485
25432,56277,27491
22606,66696,11217
13806,9485,57760
39761,536,55848
36815,75509,11882
5395,48901,60876
63373,87497,39012
67875,88479,75313
55828,16269,31634
46999,55750,64227
41209,35997,68490
11581,67208,58758
23804,41128,74343
19978,78822,79347
32533,26755,94660
10907,99545,43282
14874,59827,90766
201,5351,8815
60643,39936,41371
73382,40894,47820
21833,62075,79513
44019,59749,22541
59302,12964,31559
6723,98027,33737
69555,17062,82285
34400,38764,14294
40074,59595,49693
38194,26664,81418
52094,19662,10694
51932,67790,87056
13946,48711,80658
63885,33479,63521
23218,56740,26454
91548,15200,57806
58988,95035,23702
82643,28966,74630
99174,25402,70850
51597,35095,73459
17842,90892,28928
22755,64671,45912
29634,47832,50713
92579,22928,38458
77536,25966,74438
32236,23383,94655
56550,72276,7097
44622,74765,55825
49810,79080,70716
26862,49964,27271
62390,98769,18278
62564,27629,75947
57975,48001,98506
12051,42277,90132
4919,91667,57849
94866,42662,28717
98201,82130,90705
23544,4886,90400
24510,29297,43541
93299,66390,22117
44555,34829,43502
7342,39126,39105
41439,91372,37176
56332,13205,5026
56823,6709,34997
35811,60371,85207
61502,53256,40153
95830,82829,40371
41556,16943,95725
55941,99434,28174
84943,84448,88475
92978,42630,3843
65384,23186,99165
77134,89897,95464
62637,29005,86439
48335,42160,60868
24910,25834,56819
50348,75380,44568
46487,21834,20213
88418,81132,70836
72741,86330,97521
19862,12191,67394
73400,18210,85642
19425,27241,59044
52485,52281,69484
9481,57228,88351
53362,27960,77241
55894,7562,61493
75406,83962,27480
71256,98966,4553
49930,65219,67944
74143,1798,22042
35315,75231,55253
61115,30138,42644
20272,53530,595
49749,83880,20905
539,58155,60014
40521,37811,79626
34210,62356,60052
70832,84442,56548
61743,6902,89013
97928,80243,86673
20943,70911,16858
65990,97227,45629
87782,1531,42689
51300,27781,99556
28916,10944,43691
85985,16804,22359
34609,57439,18961
82452,58445,99921
79170,78296,60507
11799,58459,70499
98509,54846,13957
1936,58278,70923
97974,13523,69205
91557,38813,33128
27723,70937,71609
50667,71131,79444
11233,72492,68811
54202,86377,33256
53787,58834,85499
15495,80187,80979
68940,65748,79845
17300,53678,62346
21462,37580,86068
11485,90040,56066
91652,37052,83110
1137,38987,68368
8398,78285,12655
96481,98574,88591
46631,61944,80432
50554,87230,98594
35016,90324,645
2634,12828,9808
5910,33084,64064
17458,43811,8242
62107,49196,6220
17365,32017,11136
70577,62909,1940
18562,59252,26196
20115,71903,73430
69310,83972,17852
12621,54158,9833
67838,62106,52159
6819,45571,71165
63958,88001,8541
84155,17054,78593
17712,54851,73280
68777,10339,83407
88511,3162,72664
53017,55005,54774
1433,78812,87528
55758,93379,52022
23864,36383,50359
64244,57964,45721
83717,32642,14010
3445,96409,95499
82858,62411,33154
28055,26029,16005
99830,42863,79794
27922,34466,97178
88376,80932,48855
74422,62262,65978
76385,38386,98514
65132,46375,60639
44430,18002,35637
84776,15340,17972
15570,39609,49662
24507,48337,28865
59006,33070,83416
72032,94152,42855
49432,21974,36807
52728,23788,45032
81545,54518,7061
67700,54826,8838
89529,82537,18243
91464,84284,17295
9622,89378,29035
53655,63934,14524
48620,32242,46190
2048,95087,82328
41515,81389,57941
92546,46257,2705
76688,29264,68010
36630,84540,80079
72116,93506,20527
67884,23529,35454
9293,62669,14816
63741,10640,69276
50349,39522,42023
9247,62842,48953
29474,52466,68817
16777,19016,12241
54346,44685,99965
57543,9685,42981
42376,44341,71809
3406,17341,39103
66169,46483,55351
30741,74455,63641
54063,70542,63224
59719,92749,75073
40743,8846,61661
95910,26389,41056
6203,37558,10990
30201,99143,65381
8064,8797,40348
27203,78444,72336
89295,42800,95187
85521,27825,36447
76073,73853,41329
79370,79007,85405
75592,81226,6209
15023,89757,62045
62325,57595,58721
99557,10319,39142
46756,19590,59320
64990,92019,60622
13151,16500,71686
64481,98867,72641
45597,94284,42229
34900,3630,90784
64010,87178,45829
9004,27666,80679
41742,9013,93991
54062,87465,75861
8937,68621,18195
18021,50858,61473
73462,89273,25014
82133,18119,39855
82923,212,2831
37469,73899,16666
29361,36000,76086
30181,15729,8194
92889,74664,54821
29967,511,49935
12795,58533,16903
61049,92502,28634
37157,17262,74326
28722,60371,92344
34018,77090,89591
23711,49559,82474
4768,71269,48374
75481,13044,68576
15572,37519,59626
13254,39146,30569
49594,14480,20966
56597,92877,23225
10699,90728,70657
18790,28477,85016
14875,74675,77161
62435,75236,49681
94818,9252,20598
42798,11266,2422
37583,53172,87584
51063,40581,57905
31708,97189,46730
73611,36554,5822
52156,45567,24018
50061,66525,18143
25432,61377,12284
78060,21722,19312
83396,38287,72171
24642,41943,94267
4875,64039,35843
49090,32903,87225
68839,72596,14143
85796,86578,47824
38482,69339,47396
22050,10359,63473
80725,38820,87148
31834,66508,31645
18784,72021,93807
89424,74368,14707
97249,89734,27825
17915,93419,62769
59597,45212,57108
78921,25435,38424
34207,39272,5423
6990,53145,30614
7768,1237,27378
58039,42929,71438
61810,5498,42834
7343,1529,65032
48285,54571,44785
69838,63618,48090
63841,11530,8665
29982,68231,84874
25594,2972,13222
96017,2852,44235
11203,75340,4789
80571,81427,31433
77359,28389,61604
66392,85249,85280
67402,88184,10770
37308,88770,16882
60695,13190,47306
97431,23898,77089
50619,31403,54101
42004,88166,98812
11469,104,40269
3508,41111,81839
66570,82155,42198
57067,2156,28129
48431,96497,95521
3654,98446,96020
50848,22558,86715
88043,92346,53570
4112,89212,7173
12173,68982,61510
78438,14743,19939
50619,25665,69661
60222,51037,87682
79006,69156,79206
25027,44623,1588
93974,74559,82073
84188,53485,85270
55197,76539,26731
36740,78476,24715
5841,30870,85067
87349,26040,65862
89240,29608,10964
45919,75545,84414
77440,92916,96638
58993,4708,11262
78229,63014,66185
97407,60669,83197
94944,9960,20674
44218,85190,64650
28176,93934,12957
14574,60134,94744
20258,1703,74854
24564,42902,85410
39907,71962,63981
67306,70185,16146
90646,13845,88528
43377,37429,92408
66302,85939,88636
29859,82588,97501
31939,46176,18417
51570,25312,85403
37243,15490,64126
73951,75958,68505
3317,78281,80920
52368,23692,91934
28005,85072,91979
33614,89898,60842
57164,73920,62477
88146,78925,84191
73541,123,73348
32013,58075,80274
64844,68796,36914
85522,29367,87600
6666,52451,14030
70560,47676,91640
29013,66590,95658
99850,89670,9071
29316,34107,73353
58964,12004,39705
94440,51073,38090
31112,84591,13573
47006,58442,70451
57825,47821,11866
93157,71900,80278
57064,5676,48977
5447,31119,65780
93869,21809,98295
47609,57379,87293
96597,64356,80118
61343,40103,2682
92949,75809,59637
47598,29639,81788
9860,39478,94798
84269,16472,46137
71707,8677,2259
68896,11032,95959
94132,76718,57577
44319,71956,67982
54888,96716,36153
22160,66347,7512
23679,1852,97458
81110,59623,54082
17334,79367,22869
58808,74760,88627
59064,31700,49962
1606,30918,5481
89271,52248,35922
21118,88942,9510
1339,48962,92639
87424,18583,67598
50399,20848,38484
62299,24660,28148
76318,68416,79978
81493,83564,853
47484,50782,31450
8477,792,75665
63908,34994,92010
38881,8603,91777
30395,93829,7587
26009,36187,37271
51769,23128,59852
86589,75074,24327
67190,65292,99472
32611,25889,33435
34457,44341,84778
79876,6342,69568
93829,60408,78579
3254,67324,97396
15178,61942,61590
84341,90489,29459
71565,7623,43575
43095,87709,48385
32908,28386,23473
57959,77160,95038
2789,17679,27244
54620,28003,36308
84616,66367,99158
44883,65356,83425
75536,8899,17148
8710,66897,22114
92235,47907,42289
81099,7796,74232
61836,71664,94509
44054,27503,60982
77055,37050,56929
75545,7474,46883
75047,72272,72752
81044,13161,78627
6810,39672,80359
54444,70798,87528
90506,28701,74899
7917,84876,85892
76215,24480,23520
14395,21565,51258
2090,64032,26292
41382,9386,8639
73346,61779,69586
21437,48799,94498
9034,66561,32828
6838,74092,4405
60282,2094,79059